/home/sarthaksharma/anshuman/bboxes/0000_000109_5.png 5.25 47.25 25.25 45.25 28.25 47.25 27.75 35.75 22.75 36.25 21.75 47.75 8.25 48.25 7.25 36.75 4.25 36.25 4.25 48.25 4.25 45.25 4.75 30.25 5.75 18.75 10.25 5.75 22.75 8.25 24.75 20.25 32.25 29.25 31.25 46.25 39.25 46.75 55.75 45.25 57.75 47.25 58.25 35.75 54.75 36.75 52.75 48.75 41.25 49.25 41.75 37.25 38.25 35.25 36.75 47.25 32.75 41.75 32.25 30.75 32.25 19.75 31.25 7.25 44.25 8.25 52.75 22.25 55.75 30.75 57.25 46.25
/home/sarthaksharma/anshuman/bboxes/0000_000110_5.png 4.75 46.25 24.25 43.75 26.75 46.75 26.25 35.25 21.25 35.25 20.75 47.25 7.25 48.75 6.75 36.25 4.25 36.25 3.75 48.25 3.75 44.25 4.25 28.25 5.25 18.25 10.25 5.25 22.75 7.75 23.75 20.25 30.25 29.25 29.75 45.75 39.25 47.25 55.25 45.25 57.25 48.75 58.75 36.75 54.75 36.75 52.25 49.75 41.75 50.25 42.25 37.75 38.25 36.25 36.75 48.75 33.25 47.25 32.25 30.75 32.25 19.75 31.25 7.25 43.75 8.25 52.75 22.25 55.75 31.25 57.25 47.25
/home/sarthaksharma/anshuman/bboxes/0000_000111_5.png 4.75 45.75 23.25 42.75 25.75 45.75 25.75 33.25 20.75 34.25 20.25 46.75 7.25 47.75 6.25 35.25 4.25 35.25 3.75 48.25 3.75 45.25 4.25 27.75 5.25 18.25 9.75 5.75 22.25 7.25 23.75 19.25 29.75 27.75 29.25 44.75 39.25 46.75 55.25 44.25 57.75 46.75 58.75 35.25 54.75 35.75 52.25 48.25 41.75 49.75 42.25 37.25 38.25 36.25 37.25 48.75 33.25 46.75 32.25 30.25 32.25 19.75 31.25 7.25 43.75 7.25 52.75 21.25 57.25 28.75 57.25 45.25
/home/sarthaksharma/anshuman/bboxes/0000_000112_5.png 5.25 46.25 22.25 43.25 24.75 44.75 24.75 33.75 20.25 34.75 19.75 46.25 8.25 47.75 7.25 35.75 4.25 35.75 4.25 47.75 4.25 46.25 4.75 28.75 5.75 17.75 10.75 4.75 22.75 7.25 23.25 19.75 29.75 28.75 28.25 43.25 40.75 46.75 55.75 44.75 57.25 46.75 58.75 35.25 55.25 35.75 52.75 47.75 42.75 49.25 43.25 36.75 39.75 35.25 38.25 47.25 32.75 41.25 33.25 29.25 33.25 19.25 32.25 5.75 44.75 7.25 53.25 20.75 56.25 29.75 56.75 45.75
/home/sarthaksharma/anshuman/bboxes/0000_000113_4.png 32.75 50.25 55.25 53.25 60.25 60.25 58.25 43.25 51.75 44.25 51.75 59.25 37.25 59.25 36.75 44.75 30.75 45.25 29.25 57.25 26.75 57.25 27.25 31.25 37.75 23.25 33.75 10.75 44.75 10.75 50.75 25.25 57.25 32.25 60.25 60.25 11.75 61.25 31.25 51.25 35.75 62.25 34.25 44.75 26.75 46.25 27.25 61.75 14.75 62.25 13.25 47.75 10.75 47.75 8.75 61.75 9.25 61.25 13.75 29.25 14.25 27.75 16.75 11.25 20.25 10.25 27.25 25.75 42.25 35.25 39.75 62.25
/home/sarthaksharma/anshuman/bboxes/0000_000113_5.png 4.25 46.75 21.75 43.25 24.25 44.25 23.75 33.75 19.25 35.25 18.75 45.75 6.75 47.25 5.25 36.25 3.75 35.75 3.75 47.25 3.75 45.25 4.25 27.75 4.75 17.75 9.25 5.25 21.75 8.25 22.75 20.75 29.25 28.75 27.25 42.75 40.25 45.75 55.25 44.25 56.25 46.25 57.25 34.75 54.25 35.75 51.75 47.25 42.25 47.75 42.75 36.25 39.25 34.75 38.25 42.75 32.75 40.25 32.75 29.25 32.75 19.25 31.75 6.75 44.25 7.75 51.25 21.75 54.25 29.75 55.25 44.75
/home/sarthaksharma/anshuman/bboxes/0000_000114_4.png 4.25 42.25 47.75 48.25 54.25 57.25 53.25 39.25 42.75 39.25 41.75 55.25 8.75 53.25 4.75 33.75 4.25 31.75 4.75 46.75 24.25 63.75 5.75 17.75 5.25 18.25 4.25 5.25 23.25 6.75 39.75 22.25 55.75 31.75 56.75 58.25 56.25 34.25 26.25 51.75 32.25 60.75 30.25 42.75 20.75 42.75 19.25 61.75 31.75 51.75 38.25 9.75 55.25 28.75 46.25 40.75 7.25 50.25 37.75 4.25 40.25 17.75 13.25 7.75 10.25 9.25 18.75 25.75 39.25 35.25 39.25 61.25
/home/sarthaksharma/anshuman/bboxes/0000_000114_5.png 4.75 46.75 21.75 43.75 23.75 45.25 23.75 34.25 19.25 35.25 18.75 46.75 7.25 48.25 5.75 36.25 4.25 36.25 3.75 47.75 3.75 45.25 4.25 28.25 5.25 18.75 9.75 5.75 21.25 8.25 21.75 21.75 29.25 29.25 26.75 44.25 41.25 47.75 55.75 44.75 56.75 47.25 57.75 35.25 55.25 35.75 52.75 48.25 43.75 49.75 43.75 37.25 40.25 35.75 38.75 47.75 34.25 42.25 33.75 30.25 33.75 19.75 32.75 7.25 45.25 7.75 52.75 21.75 55.25 30.25 55.75 46.25
/home/sarthaksharma/anshuman/bboxes/0000_000115_4.png 4.75 39.25 47.25 47.25 57.25 58.25 54.25 36.75 42.25 37.75 39.25 51.75 5.75 40.75 4.75 33.75 5.25 30.25 10.25 24.25 33.75 9.75 25.75 10.25 5.25 24.25 4.75 5.75 13.25 7.25 36.75 22.75 54.75 32.25 61.75 57.75 60.25 59.75 20.25 52.25 25.75 62.25 26.25 43.75 13.25 44.75 12.75 53.75 36.25 49.75 57.25 29.75 47.75 33.75 21.25 43.75 62.25 60.25 28.25 12.25 48.25 19.25 7.75 5.25 4.25 10.75 10.25 25.75 34.75 37.25 36.75 62.75
/home/sarthaksharma/anshuman/bboxes/0000_000115_5.png 4.75 46.75 20.75 43.25 23.25 44.75 23.25 33.75 18.75 34.75 18.25 46.25 7.25 48.25 5.25 36.25 3.75 36.25 3.75 47.25 3.75 45.75 4.25 28.25 5.25 18.75 9.75 6.25 21.25 8.25 22.25 20.75 28.75 29.25 26.25 43.25 41.75 47.75 55.75 44.75 57.25 46.75 57.75 35.25 55.25 35.75 53.25 47.75 44.25 49.25 44.25 37.25 40.75 36.25 39.25 47.25 34.75 42.25 34.25 30.25 34.25 19.75 32.75 7.75 45.25 8.25 52.75 21.75 54.75 29.25 56.25 45.75
/home/sarthaksharma/anshuman/bboxes/0000_000116_4.png 7.25 51.75 46.25 47.25 53.25 46.75 50.75 37.25 41.75 33.75 38.25 47.25 25.75 48.25 10.25 38.75 4.25 21.25 32.25 55.25 59.75 25.75 4.25 23.75 4.25 23.75 59.75 22.25 34.25 51.25 27.25 21.25 52.75 33.25 54.25 47.75 25.75 53.75 10.25 53.75 31.75 56.75 16.75 45.25 5.25 43.25 5.75 51.25 55.25 60.25 17.75 45.75 49.25 32.25 4.25 34.25 9.75 36.25 23.25 11.25 22.25 10.25 4.25 8.25 4.25 7.25 5.25 22.75 31.25 36.75 34.75 55.25
/home/sarthaksharma/anshuman/bboxes/0000_000116_5.png 4.25 46.25 20.75 42.75 23.25 43.75 23.25 32.75 18.75 33.75 17.75 45.75 6.75 47.25 5.25 35.25 3.75 35.25 3.75 47.25 3.75 45.75 4.25 28.25 5.25 18.75 9.25 6.25 21.25 8.75 22.25 20.25 28.75 28.25 26.25 42.25 42.25 47.75 56.25 45.25 57.25 46.75 58.25 34.75 55.25 35.25 53.25 47.75 44.25 48.75 44.75 36.75 41.25 35.75 39.75 46.75 34.75 41.75 34.75 30.25 34.75 20.25 33.25 7.75 45.25 8.25 52.75 21.25 55.25 28.75 56.25 45.25
/home/sarthaksharma/anshuman/bboxes/0000_000117_4.png 42.75 35.25 30.75 53.25 53.25 46.25 50.75 36.25 50.25 31.75 56.25 39.25 63.75 25.75 30.75 30.25 16.25 43.25 5.25 56.25 47.25 57.25 54.75 5.75 60.25 11.75 55.25 56.25 28.25 11.25 53.25 9.75 24.25 37.75 52.75 46.75 35.25 48.25 5.25 56.75 25.25 56.75 4.25 48.75 17.75 44.25 35.25 61.75 57.75 39.75 40.25 32.25 48.25 36.25 47.75 55.75 51.75 45.75 55.75 9.75 53.75 5.25 2.25 58.25 24.25 35.75 39.25 11.75 18.75 38.25 26.25 55.75
/home/sarthaksharma/anshuman/bboxes/0000_000117_5.png 4.75 46.25 20.75 43.25 23.25 44.25 23.25 33.25 18.75 33.75 17.75 46.25 6.75 47.25 5.75 35.25 4.25 35.25 3.75 46.75 3.75 44.75 4.25 28.25 5.25 18.75 9.75 5.75 21.25 8.25 22.25 20.75 28.75 28.75 25.75 42.75 42.75 48.25 56.25 46.25 57.25 48.75 58.25 35.75 55.75 36.25 53.75 49.25 44.75 49.25 45.25 37.25 41.75 36.25 40.25 47.25 35.25 41.75 35.25 30.25 35.25 19.75 33.75 7.75 45.75 8.25 52.75 21.75 54.75 29.75 56.25 46.25
/home/sarthaksharma/anshuman/bboxes/0000_000117_6.png 30.75 53.25 6.25 43.25 4.75 37.75 4.75 31.25 7.75 32.75 9.25 44.25 24.25 50.75 18.25 36.25 38.75 42.25 40.25 49.75 39.75 39.25 22.25 28.75 22.25 28.25 39.75 13.75 14.75 7.25 10.75 23.75 5.25 26.25 4.25 36.75 49.25 49.75 26.75 37.75 20.25 34.75 27.25 29.25 29.75 30.25 37.25 44.25 45.75 48.25 46.25 36.25 49.25 39.25 50.75 45.25 49.75 45.25 57.25 28.75 55.75 24.25 50.25 7.25 37.25 5.75 31.75 22.25 23.75 26.25 21.75 34.25
/home/sarthaksharma/anshuman/bboxes/0000_000118_4.png 45.75 3.75 32.25 46.75 41.25 52.25 44.25 37.75 37.75 33.75 56.25 39.75 21.75 34.75 61.75 16.25 5.75 41.75 4.25 42.75 4.25 42.25 4.25 36.25 23.25 8.25 26.25 13.75 13.75 37.25 38.25 16.25 46.75 33.25 50.75 49.75 30.25 47.25 45.75 2.75 40.25 52.75 5.75 41.75 5.25 42.25 41.75 54.75 57.75 39.25 26.25 32.25 58.75 17.75 40.75 51.75 4.25 42.25 55.75 4.75 55.25 5.25 57.25 5.25 56.75 4.75 21.75 61.75 4.75 37.75 4.25 42.25
/home/sarthaksharma/anshuman/bboxes/0000_000118_5.png 4.75 46.75 20.75 44.75 23.25 45.25 23.75 34.25 19.25 35.25 17.75 46.75 7.75 47.25 6.25 36.25 4.25 35.75 4.25 46.25 4.25 45.25 4.25 29.75 5.75 19.25 10.75 6.75 21.25 8.75 22.25 21.25 28.75 29.25 25.75 43.25 43.25 47.75 56.25 47.75 57.25 49.25 58.25 35.25 55.75 36.25 53.75 49.25 45.25 48.25 45.75 37.25 42.75 35.75 41.25 46.25 36.25 41.75 36.25 30.75 36.75 20.25 34.75 7.75 45.75 8.75 53.25 21.75 55.25 29.75 56.25 45.75
/home/sarthaksharma/anshuman/bboxes/0000_000118_6.png 19.25 48.75 5.75 44.25 4.25 43.25 4.25 33.25 7.25 34.75 9.25 45.75 17.25 49.25 16.75 37.75 21.25 39.25 21.25 46.25 24.25 42.75 38.25 44.75 43.25 33.75 26.25 8.25 14.25 7.75 9.75 23.75 4.75 27.75 4.25 38.25 52.25 60.25 29.75 40.25 21.75 40.25 26.75 31.25 33.75 33.25 28.75 63.75 49.75 60.25 54.25 41.25 59.75 40.75 61.75 52.75 62.25 49.25 57.75 30.25 55.25 24.75 48.25 7.75 36.75 7.25 33.25 21.75 23.75 25.75 22.25 39.25
/home/sarthaksharma/anshuman/bboxes/0000_000119_4.png 18.75 52.75 53.75 41.75 46.75 48.25 48.25 38.25 48.25 36.75 52.25 39.25 47.75 50.25 42.75 28.75 45.75 33.75 24.25 54.75 4.25 24.25 40.75 30.75 63.25 6.25 16.25 16.25 22.25 14.25 61.75 7.75 41.75 34.75 46.75 48.75 58.75 29.75 31.25 40.25 20.25 63.25 49.75 35.25 60.25 10.25 39.25 52.25 21.75 58.25 53.75 29.25 51.25 24.25 33.25 51.25 51.75 40.75 41.75 32.25 52.25 5.25 33.75 12.75 37.25 36.75 50.25 8.75 13.5 64.5 24.25 62.25
/home/sarthaksharma/anshuman/bboxes/0000_000119_5.png 5.25 46.25 20.25 42.75 22.25 42.75 22.25 32.75 18.25 33.75 17.25 44.75 7.75 46.25 6.25 35.25 4.25 35.25 4.25 45.75 4.25 44.25 4.75 29.25 6.25 18.75 10.75 6.25 21.25 8.75 21.75 20.25 26.75 27.75 24.75 41.75 45.25 45.25 56.75 43.75 57.75 43.75 59.25 34.25 56.75 34.75 54.25 45.75 46.75 45.75 47.25 35.75 43.75 35.25 43.25 42.25 37.25 40.75 37.25 29.75 37.25 19.75 35.25 7.25 45.75 7.25 53.75 21.25 55.75 28.25 56.75 42.25
/home/sarthaksharma/anshuman/bboxes/0000_000119_6.png 21.25 57.25 5.75 44.75 4.25 42.75 4.75 32.25 7.25 34.25 8.75 45.75 18.25 50.75 17.25 40.25 21.25 41.75 22.25 48.75 22.75 46.75 34.75 42.75 18.75 27.75 35.25 9.75 14.25 7.75 9.25 23.75 4.75 27.25 4.25 39.25 51.25 55.75 33.75 42.25 31.75 40.25 29.75 29.25 34.25 30.25 37.25 44.25 48.25 60.25 55.25 39.25 60.25 40.75 61.75 50.75 62.25 49.25 58.75 34.75 55.75 25.25 48.25 8.25 35.25 7.25 35.25 22.25 25.25 24.25 24.75 35.75
/home/sarthaksharma/anshuman/bboxes/0000_000120_4.png 30.25 46.25 61.25 61.75 35.75 52.25 61.25 61.75 4.25 18.25 4.25 32.75 28.75 34.25 29.75 32.25 31.75 34.75 41.25 40.25 10.75 56.75 35.75 7.75 35.25 7.75 36.75 6.75 20.75 60.75 4.25 5.75 61.25 59.75 11.75 50.25 13.75 47.25 29.25 45.25 41.25 47.25 34.25 33.75 46.25 17.75 41.75 47.75 45.75 39.75 30.75 33.75 56.75 23.25 29.75 34.25 40.25 39.75 38.25 6.75 39.25 7.75 36.75 5.25 37.25 7.75 38.25 8.75 48.25 8.25 41.75 39.75
/home/sarthaksharma/anshuman/bboxes/0000_000120_5.png 4.75 46.25 19.75 42.75 22.25 42.75 22.25 32.25 18.25 32.75 17.25 44.75 7.25 46.75 5.75 35.25 4.25 35.75 4.25 45.75 4.25 45.25 4.75 28.75 5.75 18.75 10.75 6.25 21.25 8.25 21.75 19.75 26.75 27.25 24.25 41.25 45.25 46.25 56.75 43.75 57.75 44.75 58.75 34.25 56.75 35.25 54.25 46.75 46.75 47.25 47.25 36.25 44.25 35.75 43.25 42.75 38.25 42.25 37.75 30.25 37.75 20.25 35.25 7.25 45.75 7.75 54.25 21.25 55.75 28.75 56.75 42.75
/home/sarthaksharma/anshuman/bboxes/0000_000120_6.png 36.75 47.25 5.75 42.75 4.75 41.25 4.75 32.25 7.25 33.75 9.25 44.75 26.25 49.75 27.75 41.25 33.75 40.25 36.75 49.75 37.75 51.25 41.75 35.25 33.75 22.25 32.75 8.75 19.25 13.25 11.75 23.25 6.25 26.25 4.75 39.75 59.25 49.25 37.75 47.25 28.75 41.25 33.25 31.25 36.25 34.25 40.75 47.25 55.75 48.25 58.25 38.25 61.75 39.75 62.25 49.25 62.75 49.75 59.25 29.75 56.25 24.25 48.75 8.25 41.25 5.75 35.75 20.75 27.25 28.25 27.25 39.75
/home/sarthaksharma/anshuman/bboxes/0000_000120_9.png 16.25 47.25 4.75 43.25 4.25 43.75 4.25 31.75 4.75 32.75 6.75 45.75 15.25 47.75 13.75 34.25 17.25 34.75 18.25 47.75 21.75 45.75 22.25 29.75 21.75 20.25 22.25 5.75 13.75 6.25 7.25 20.75 4.75 26.75 4.75 40.25 61.25 46.75 42.75 42.25 40.25 43.25 41.25 29.25 45.25 30.25 45.25 45.25 56.75 46.25 57.75 30.75 60.25 30.75 60.75 44.25 59.75 43.25 57.25 28.25 55.75 17.25 50.25 5.25 42.75 5.25 42.25 18.25 36.25 24.25 37.75 41.25
/home/sarthaksharma/anshuman/bboxes/0000_000121_5.png 4.75 46.25 19.75 42.25 21.75 43.75 22.25 32.25 18.25 33.25 16.75 45.75 7.75 47.25 5.75 35.25 4.25 35.25 4.25 46.25 3.75 45.25 4.25 28.75 5.75 18.75 9.75 6.25 21.25 8.25 21.75 19.75 26.75 27.25 24.75 42.25 45.25 47.25 56.75 43.75 57.75 46.75 58.75 34.25 56.75 34.75 54.25 47.75 46.75 48.25 47.25 36.25 44.25 35.75 43.25 43.75 38.75 42.25 37.75 30.25 37.75 20.25 35.25 7.75 45.75 7.25 54.25 20.75 56.25 28.25 56.75 44.75
/home/sarthaksharma/anshuman/bboxes/0000_000121_6.png 26.75 52.25 5.25 43.25 4.75 34.75 4.75 30.75 7.25 32.75 9.25 45.25 20.75 50.75 21.25 38.75 30.25 38.75 31.25 44.25 32.75 36.75 32.25 30.25 31.75 24.25 30.75 9.75 15.25 12.75 11.75 24.25 5.25 26.25 4.75 33.75 58.75 52.75 32.75 40.75 27.75 38.25 29.25 29.75 33.25 31.25 36.25 43.75 52.25 48.75 55.75 35.25 60.25 35.75 61.75 47.75 62.75 47.75 61.75 30.25 55.75 24.25 48.75 8.25 32.25 8.25 33.75 21.25 25.25 25.75 25.75 33.25
/home/sarthaksharma/anshuman/bboxes/0000_000121_7.png 61.75 31.75 52.75 52.75 53.25 60.25 54.25 43.25 53.25 40.75 51.75 54.75 62.25 39.25 62.25 26.25 61.75 25.25 62.25 34.75 59.75 27.75 59.25 10.75 58.25 10.25 53.75 4.25 49.25 9.75 51.75 22.75 49.75 34.75 53.75 60.25 16.25 34.75 4.25 45.75 1.5 57.5 4.25 38.25 4.25 36.75 4.25 57.25 13.75 47.25 13.75 28.75 18.25 22.75 17.25 34.75 22.75 28.25 24.75 8.75 23.25 9.25 24.25 4.25 17.75 4.75 9.75 20.25 4.75 30.75 4.25 61.25
/home/sarthaksharma/anshuman/bboxes/0000_000121_9.png 15.75 48.25 4.25 43.75 4.25 44.25 4.25 32.25 4.75 32.75 5.75 45.75 14.25 48.75 13.25 33.75 16.75 33.25 17.75 48.75 20.75 46.25 21.75 29.75 21.25 20.25 22.25 5.75 13.25 7.25 6.75 21.25 4.75 26.75 4.25 40.75 61.25 47.25 44.75 42.75 42.75 43.25 43.75 30.25 46.75 31.25 47.25 45.25 57.75 47.25 57.75 31.25 60.25 31.75 61.25 45.75 59.75 45.25 57.25 29.25 55.25 17.25 50.25 5.25 42.25 6.25 43.25 19.25 38.25 25.75 40.75 41.25
/home/sarthaksharma/anshuman/bboxes/0000_000122_5.png 5.25 46.75 19.75 40.75 22.75 39.75 22.75 30.25 18.75 31.25 17.25 42.25 8.25 45.25 6.25 34.75 4.25 35.25 3.75 45.75 3.75 43.75 4.25 30.25 5.75 18.75 10.25 6.25 21.25 8.25 21.75 18.75 27.25 25.25 24.75 38.25 45.75 47.75 57.25 40.75 58.25 41.25 59.25 31.75 56.75 33.25 54.75 43.75 47.25 46.25 47.75 36.25 45.25 35.75 44.25 42.75 39.75 41.75 39.25 30.75 39.25 20.25 36.25 7.75 46.25 7.25 54.75 20.25 56.25 25.75 57.75 39.75
/home/sarthaksharma/anshuman/bboxes/0000_000122_6.png 41.75 35.25 5.75 42.75 4.75 31.25 5.25 28.75 7.25 30.25 11.75 41.25 47.25 42.25 15.75 36.75 29.75 33.25 29.75 34.25 29.75 33.75 31.75 31.75 28.75 22.75 28.25 9.25 13.75 11.25 11.75 22.75 6.75 24.25 5.25 31.25 61.25 49.25 36.75 32.75 34.25 31.75 36.25 22.25 39.75 24.75 27.75 33.25 53.75 44.25 53.75 35.75 55.25 36.75 61.75 48.25 61.75 48.25 55.75 34.25 56.25 22.25 48.75 6.75 41.25 5.25 41.75 18.75 32.75 21.75 4.25 30.75
/home/sarthaksharma/anshuman/bboxes/0000_000122_7.png 59.75 34.25 53.75 43.75 52.75 50.25 40.25 42.75 53.75 38.75 53.25 51.75 59.75 38.75 61.75 29.75 61.25 25.25 59.75 37.25 60.25 32.75 59.75 12.75 58.75 11.75 52.75 4.25 48.25 8.75 50.25 22.25 38.75 35.25 31.75 62.25 16.25 36.75 4.25 45.25 1.5 54.5 4.25 36.25 4.25 35.75 4.75 51.75 14.25 45.75 13.75 27.25 17.75 21.75 16.75 40.75 23.25 28.25 25.25 8.25 23.75 8.25 24.25 3.75 17.25 4.25 8.25 18.25 4.25 29.75 5.25 55.75
/home/sarthaksharma/anshuman/bboxes/0000_000122_9.png 15.75 47.75 4.25 43.75 4.25 43.25 4.25 31.75 4.75 32.75 5.75 45.25 14.25 47.75 13.25 34.25 17.25 33.75 17.75 47.75 20.75 45.25 21.25 29.75 21.25 19.75 22.25 5.25 12.75 6.25 7.25 21.25 4.75 26.75 4.25 40.25 56.75 47.75 44.25 42.25 42.25 43.75 41.75 31.25 45.25 32.75 45.25 45.75 53.25 48.75 55.25 32.75 58.75 32.75 58.75 46.75 58.25 44.75 58.25 29.25 55.25 16.25 50.25 4.75 41.75 6.25 40.25 19.25 35.75 26.25 39.25 41.75
/home/sarthaksharma/anshuman/bboxes/0000_000123_5.png 4.75 46.75 19.25 40.75 21.75 39.25 21.25 29.75 17.75 31.25 16.75 41.75 7.75 44.75 6.25 34.75 4.25 35.25 3.75 45.25 3.75 44.75 4.25 29.75 5.75 18.25 10.75 6.75 21.25 7.75 21.75 18.25 26.75 24.75 24.25 37.75 47.25 47.25 57.75 40.75 58.75 40.75 59.25 31.25 57.25 32.25 55.25 43.25 48.75 45.25 49.25 35.25 46.75 34.75 45.25 42.75 40.75 41.25 40.25 29.75 39.75 19.75 37.25 7.75 47.25 7.25 54.75 19.75 56.25 25.75 57.75 38.75
/home/sarthaksharma/anshuman/bboxes/0000_000123_6.png 15.25 56.25 5.75 40.75 4.75 43.25 6.75 20.75 8.25 25.75 7.75 47.25 13.75 59.25 13.25 43.75 16.75 45.75 15.25 60.25 13.5 64.5 30.75 32.25 24.75 25.25 25.75 9.25 17.75 7.25 11.25 15.25 9.25 14.25 5.75 33.25 59.25 57.25 35.25 47.25 33.75 44.75 34.75 29.75 38.75 31.75 38.25 50.75 53.75 58.75 55.75 43.75 61.75 45.25 62.25 60.25 62.25 61.75 57.75 27.25 56.25 23.75 48.25 7.75 41.25 5.25 37.25 18.25 31.75 20.25 31.75 40.75
/home/sarthaksharma/anshuman/bboxes/0000_000123_7.png 58.25 37.25 51.25 48.75 51.25 60.25 52.75 40.75 53.75 38.75 52.75 52.75 56.75 44.75 58.75 29.25 60.25 25.75 58.75 38.25 57.25 35.25 57.25 12.75 57.25 11.25 51.75 3.75 47.75 8.25 50.25 21.75 47.75 34.75 49.25 61.75 12.25 33.75 4.25 44.25 5.25 56.25 2.75 37.75 4.25 34.25 4.25 50.75 11.25 41.25 10.25 25.75 13.25 23.25 14.25 37.25 18.75 32.75 23.25 8.25 21.75 7.75 23.75 3.75 16.25 4.25 7.75 18.75 4.75 29.25 4.25 56.25
/home/sarthaksharma/anshuman/bboxes/0000_000123_9.png 15.25 48.75 4.25 44.75 4.25 44.75 4.25 32.25 4.25 33.25 5.75 46.25 13.75 49.25 13.25 34.25 16.25 34.25 17.25 49.25 20.25 47.25 21.25 30.25 20.75 21.25 22.25 6.25 12.75 7.25 7.25 21.25 4.75 27.25 4.25 41.75 55.75 49.25 40.75 42.25 38.75 42.75 39.25 30.25 41.75 31.25 43.25 45.75 51.25 48.75 51.25 32.25 54.75 33.25 56.25 49.75 54.75 48.75 55.25 30.25 54.75 18.75 50.75 5.25 41.25 5.75 39.75 19.25 35.75 24.75 36.75 41.25
/home/sarthaksharma/anshuman/bboxes/0000_000124_10.png 48.75 58.25 33.25 53.25 30.75 62.25 31.75 40.25 34.75 42.25 36.25 59.25 46.25 61.25 45.25 43.75 50.25 43.75 52.25 60.25 55.25 58.25 56.25 29.25 54.75 25.75 55.25 9.75 45.75 6.75 37.75 25.25 35.25 32.25 33.25 51.75 29.75 52.75 13.75 55.75 6.25 57.25 6.25 36.25 5.75 35.75 19.75 61.75 20.75 62.25 31.25 40.25 28.25 39.25 29.75 62.25 15.75 57.25 7.75 26.25 8.25 22.25 62.25 5.75 47.25 6.25 7.75 24.75 4.75 28.25 5.75 57.75
/home/sarthaksharma/anshuman/bboxes/0000_000124_5.png 5.25 45.75 18.25 39.75 20.75 37.75 20.75 28.75 17.25 29.75 16.25 40.25 7.75 43.75 6.25 34.25 4.25 34.75 4.25 45.25 3.75 44.25 4.75 28.75 6.25 18.25 11.25 6.25 21.25 6.25 21.25 17.25 25.75 23.75 23.25 36.25 48.25 46.75 58.25 40.25 58.25 39.75 59.25 30.75 57.75 32.25 55.25 42.25 49.75 44.25 50.75 34.75 48.25 34.25 47.25 42.25 41.75 41.25 41.25 28.75 41.25 19.75 38.25 7.25 47.75 6.75 54.25 19.25 55.75 25.75 57.25 38.25
/home/sarthaksharma/anshuman/bboxes/0000_000124_6.png 15.25 62.75 4.25 45.25 4.75 53.25 4.75 23.75 4.25 42.75 4.75 52.75 13.25 61.25 14.25 49.25 18.75 50.25 21.25 62.75 23.25 61.75 25.25 28.75 23.25 26.25 25.25 8.75 4.75 11.75 5.25 32.25 4.25 37.25 4.75 52.25 57.25 61.75 26.75 50.25 26.75 48.75 27.75 43.25 32.25 44.25 32.75 54.75 51.25 61.25 51.25 47.75 61.25 48.25 62.25 62.75 4.25 31.75 57.75 26.75 55.25 22.75 47.25 7.75 38.25 4.75 35.75 17.75 27.25 32.75 26.75 48.75
/home/sarthaksharma/anshuman/bboxes/0000_000124_7.png 58.25 35.25 49.75 48.25 49.75 60.25 50.25 40.25 52.75 38.25 51.75 52.75 56.75 42.25 58.75 27.75 59.75 25.75 58.75 35.75 56.75 33.75 55.75 12.25 55.75 11.25 51.25 3.75 46.75 8.75 48.75 22.25 45.75 34.25 48.25 61.75 13.75 32.25 4.25 43.25 61.75 47.75 3.25 37.75 4.25 35.25 4.25 50.25 13.25 40.75 11.75 25.75 15.25 22.25 15.75 34.75 19.75 31.25 23.25 9.75 22.75 10.75 23.75 3.75 16.75 4.25 7.25 19.25 4.25 30.75 58.75 36.25
/home/sarthaksharma/anshuman/bboxes/0000_000124_9.png 16.25 48.25 4.75 43.75 4.25 43.75 4.25 31.75 4.75 33.25 6.25 46.25 14.75 49.75 13.25 35.25 16.75 35.25 18.25 49.25 21.75 47.25 21.75 30.25 21.25 21.25 21.75 7.25 13.25 7.75 7.25 21.75 4.75 27.75 4.25 40.75 62.25 40.25 47.75 42.25 44.25 41.75 45.75 30.25 49.25 31.25 49.75 43.75 60.75 42.25 61.75 29.75 62.75 28.75 62.75 39.25 62.25 38.25 61.25 21.75 55.75 17.25 50.75 5.75 44.75 5.75 47.25 18.75 39.25 25.75 42.25 41.25
/home/sarthaksharma/anshuman/bboxes/0000_000125_10.png 45.25 58.25 30.25 56.25 27.25 61.75 27.75 40.75 31.25 42.25 32.75 61.25 43.25 59.75 41.75 45.25 45.75 45.75 47.75 61.25 52.75 56.25 52.75 25.75 51.75 23.25 51.75 8.25 42.75 6.75 34.75 24.25 31.25 30.75 30.75 50.75 29.75 61.25 7.75 47.75 5.25 53.75 4.75 36.75 11.25 37.25 21.75 54.25 19.25 58.75 14.25 37.75 27.25 39.25 25.75 62.75 15.25 58.25 4.75 25.75 4.25 5.25 38.75 6.25 40.25 7.25 61.75 23.25 4.25 28.75 4.25 52.75
/home/sarthaksharma/anshuman/bboxes/0000_000125_5.png 5.25 45.75 19.25 38.75 22.25 37.25 21.75 28.75 18.25 29.75 17.25 39.75 8.25 43.75 6.25 33.75 4.25 34.25 4.25 44.75 3.75 43.25 4.25 28.75 5.75 18.25 10.75 6.25 21.75 6.25 22.25 17.25 26.75 23.25 24.75 35.75 48.25 45.75 57.75 39.25 57.75 38.25 58.75 29.25 57.25 30.25 55.25 40.75 49.75 43.25 50.75 33.75 48.25 33.75 47.25 41.75 41.75 40.75 41.25 27.75 40.75 19.25 38.25 6.75 46.75 5.75 53.75 18.25 55.25 24.25 57.25 36.25
/home/sarthaksharma/anshuman/bboxes/0000_000125_6.png 11.25 61.25 3.75 27.25 4.25 56.25 18.75 23.25 4.25 21.75 4.25 30.25 8.75 60.75 15.75 36.25 16.75 38.75 16.75 60.75 19.25 60.25 19.25 38.75 19.25 26.25 23.75 8.75 14.75 5.75 12.25 10.25 13.75 9.25 4.75 57.75 53.25 57.75 33.75 24.75 30.25 23.75 31.25 11.75 34.75 18.25 33.25 27.25 50.75 58.25 50.75 39.25 60.75 45.75 60.25 63.25 54.75 61.25 56.25 24.75 54.75 22.25 46.25 6.75 38.25 4.25 36.25 10.75 26.25 9.75 29.75 23.25
/home/sarthaksharma/anshuman/bboxes/0000_000125_7.png 57.25 36.25 49.75 47.75 49.25 60.25 49.75 40.25 51.75 38.75 50.75 52.75 55.25 43.75 58.75 28.25 59.25 26.25 57.75 36.75 57.25 32.25 56.75 13.25 55.25 12.75 50.75 4.25 46.25 8.25 48.25 22.25 45.75 34.75 47.75 61.75 16.25 33.75 4.25 44.25 1.5 54.5 2.25 36.75 4.25 35.75 4.25 51.25 13.75 41.25 13.75 26.75 18.25 23.75 18.25 36.75 21.75 32.75 25.25 11.25 24.25 11.25 25.25 4.25 16.75 4.75 7.75 20.25 4.25 31.75 60.75 30.75
/home/sarthaksharma/anshuman/bboxes/0000_000125_9.png 15.75 46.25 4.75 42.25 4.25 45.75 4.25 33.25 4.75 33.75 6.25 45.75 14.75 48.25 13.75 36.25 17.25 36.25 18.25 49.75 21.75 47.75 22.75 22.25 22.25 19.75 21.75 6.25 13.75 6.25 6.75 21.25 4.75 27.75 4.75 42.75 47.75 43.75 44.75 42.25 41.75 44.75 43.25 34.75 45.75 33.75 47.75 44.25 50.75 47.75 49.75 37.25 47.25 36.75 46.25 51.25 43.75 50.75 44.25 22.25 49.75 17.75 46.75 4.25 52.75 4.25 47.25 17.25 39.75 23.75 40.25 44.25
/home/sarthaksharma/anshuman/bboxes/0000_000126_10.png 42.75 58.25 29.25 54.75 27.25 60.75 26.75 41.25 29.75 42.25 31.75 60.25 41.25 59.25 39.25 44.75 43.25 44.75 45.75 60.75 48.75 58.75 50.75 25.75 50.75 22.75 50.25 6.25 39.75 5.75 30.75 23.25 29.75 30.25 29.25 50.75 27.75 52.25 39.75 58.75 5.25 54.25 5.25 35.75 8.25 41.25 26.25 60.25 30.25 55.25 28.75 40.75 27.25 42.75 25.75 62.25 32.25 52.75 50.75 30.25 4.25 23.25 43.25 6.75 39.75 7.75 29.25 23.25 4.25 28.75 3.75 51.75
/home/sarthaksharma/anshuman/bboxes/0000_000126_14.png 53.25 46.25 63.25 50.25 30.25 63.25 62.75 36.25 60.75 35.75 22.25 52.75 51.25 52.25 53.75 33.75 51.75 34.25 46.75 50.25 13.75 59.75 35.25 11.75 36.75 12.25 38.75 4.25 49.25 5.75 54.25 22.25 62.25 22.75 63.75 50.75 10.25 45.25 27.25 51.25 30.75 58.25 29.75 40.75 24.75 41.25 24.75 59.75 11.75 53.25 9.75 38.75 5.25 35.75 4.75 52.25 11.75 59.75 6.25 19.75 8.25 17.25 16.75 5.75 24.75 5.75 27.25 25.75 30.25 31.75 33.25 58.75
/home/sarthaksharma/anshuman/bboxes/0000_000126_5.png 5.25 45.25 19.25 37.75 22.25 36.25 21.25 27.75 18.25 29.25 17.25 38.75 8.25 42.75 6.25 33.75 4.25 34.25 4.25 44.75 3.75 43.75 4.75 28.75 5.75 18.25 10.75 5.75 20.75 6.25 21.75 16.75 26.25 22.75 24.25 34.75 48.75 45.75 57.75 37.75 57.75 36.75 58.75 28.25 57.25 29.25 55.25 39.75 50.25 42.75 50.75 33.25 48.75 33.25 47.75 41.25 42.25 40.25 42.25 27.75 42.25 18.75 38.75 6.75 46.75 5.25 53.75 17.75 55.25 22.75 56.75 35.25
/home/sarthaksharma/anshuman/bboxes/0000_000126_6.png 8.75 52.25 11.25 46.25 55.75 60.25 53.75 33.25 14.25 34.75 16.25 57.75 52.25 48.75 10.25 34.75 10.75 36.25 10.75 55.25 17.75 57.75 14.75 27.25 14.25 26.25 24.75 7.75 46.25 5.75 54.25 20.75 55.75 24.75 55.75 60.25 52.25 56.75 10.75 50.75 12.75 57.25 10.25 34.25 10.25 33.75 9.75 53.75 49.25 49.75 49.75 35.25 53.75 32.75 54.25 45.25 55.25 41.25 56.25 22.25 53.25 20.25 46.25 5.75 15.25 5.75 13.75 23.75 15.25 29.75 13.75 57.25
/home/sarthaksharma/anshuman/bboxes/0000_000126_7.png 58.75 37.25 49.25 49.75 49.25 61.75 49.25 42.75 52.25 39.75 51.25 53.25 56.75 42.75 59.25 29.75 60.75 27.25 59.25 37.25 58.25 35.25 58.25 13.75 57.25 13.75 52.25 4.75 46.75 8.75 48.75 22.75 46.25 34.75 48.25 62.25 17.25 35.25 4.25 47.75 4.25 62.25 3.75 38.25 4.25 35.75 4.75 53.25 14.75 42.25 14.25 28.25 18.25 25.25 18.75 37.75 22.25 33.75 25.75 11.75 24.75 11.25 25.75 4.25 17.75 4.25 8.25 19.75 4.25 31.25 3.75 61.75
/home/sarthaksharma/anshuman/bboxes/0000_000126_9.png 15.25 46.25 4.25 42.75 4.25 50.75 4.25 33.75 4.75 35.75 4.25 52.25 14.75 59.25 12.25 39.25 16.25 40.75 16.25 58.75 16.75 60.75 35.75 20.25 21.25 19.25 21.25 5.75 12.25 6.25 5.25 21.75 4.25 28.75 4.25 44.75 57.75 43.75 38.25 38.25 36.25 41.25 36.25 29.75 43.75 30.75 45.75 44.75 55.25 48.75 54.75 32.25 59.25 33.75 61.25 52.75 60.75 44.25 57.25 15.75 53.75 12.75 47.75 4.25 39.75 4.25 37.25 18.75 33.25 24.25 34.75 39.75
/home/sarthaksharma/anshuman/bboxes/0000_000127_10.png 42.75 58.25 29.25 56.25 27.75 60.25 27.25 37.75 30.25 38.25 28.75 59.75 40.75 58.25 39.25 42.75 44.25 43.75 46.25 62.25 52.75 62.25 54.25 37.25 49.25 22.75 49.25 6.25 38.75 5.75 31.25 23.25 27.25 28.25 27.75 59.25 43.25 62.25 42.25 52.75 4.75 52.25 4.75 36.25 15.25 35.75 38.75 57.75 31.25 56.25 28.25 38.75 28.25 39.25 44.75 60.25 51.25 61.75 28.25 27.75 27.75 23.25 42.75 5.25 39.25 6.25 30.25 23.25 4.25 27.75 4.25 50.75
/home/sarthaksharma/anshuman/bboxes/0000_000109_5.png 5.25 47.25 25.25 45.25 28.25 47.25 27.75 35.75 22.75 36.25 21.75 47.75 8.25 48.25 7.25 36.75 4.25 36.25 4.25 48.25 4.25 45.25 4.75 30.25 5.75 18.75 10.25 5.75 22.75 8.25 24.75 20.25 32.25 29.25 31.25 46.25 39.25 46.75 55.75 45.25 57.75 47.25 58.25 35.75 54.75 36.75 52.75 48.75 41.25 49.25 41.75 37.25 38.25 35.25 36.75 47.25 32.75 41.75 32.25 30.75 32.25 19.75 31.25 7.25 44.25 8.25 52.75 22.25 55.75 30.75 57.25 46.25
/home/sarthaksharma/anshuman/bboxes/0000_000110_5.png 4.75 46.25 24.25 43.75 26.75 46.75 26.25 35.25 21.25 35.25 20.75 47.25 7.25 48.75 6.75 36.25 4.25 36.25 3.75 48.25 3.75 44.25 4.25 28.25 5.25 18.25 10.25 5.25 22.75 7.75 23.75 20.25 30.25 29.25 29.75 45.75 39.25 47.25 55.25 45.25 57.25 48.75 58.75 36.75 54.75 36.75 52.25 49.75 41.75 50.25 42.25 37.75 38.25 36.25 36.75 48.75 33.25 47.25 32.25 30.75 32.25 19.75 31.25 7.25 43.75 8.25 52.75 22.25 55.75 31.25 57.25 47.25
/home/sarthaksharma/anshuman/bboxes/0000_000111_5.png 4.75 45.75 23.25 42.75 25.75 45.75 25.75 33.25 20.75 34.25 20.25 46.75 7.25 47.75 6.25 35.25 4.25 35.25 3.75 48.25 3.75 45.25 4.25 27.75 5.25 18.25 9.75 5.75 22.25 7.25 23.75 19.25 29.75 27.75 29.25 44.75 39.25 46.75 55.25 44.25 57.75 46.75 58.75 35.25 54.75 35.75 52.25 48.25 41.75 49.75 42.25 37.25 38.25 36.25 37.25 48.75 33.25 46.75 32.25 30.25 32.25 19.75 31.25 7.25 43.75 7.25 52.75 21.25 57.25 28.75 57.25 45.25
/home/sarthaksharma/anshuman/bboxes/0000_000112_5.png 5.25 46.25 22.25 43.25 24.75 44.75 24.75 33.75 20.25 34.75 19.75 46.25 8.25 47.75 7.25 35.75 4.25 35.75 4.25 47.75 4.25 46.25 4.75 28.75 5.75 17.75 10.75 4.75 22.75 7.25 23.25 19.75 29.75 28.75 28.25 43.25 40.75 46.75 55.75 44.75 57.25 46.75 58.75 35.25 55.25 35.75 52.75 47.75 42.75 49.25 43.25 36.75 39.75 35.25 38.25 47.25 32.75 41.25 33.25 29.25 33.25 19.25 32.25 5.75 44.75 7.25 53.25 20.75 56.25 29.75 56.75 45.75
/home/sarthaksharma/anshuman/bboxes/0000_000113_4.png 32.75 50.25 55.25 53.25 60.25 60.25 58.25 43.25 51.75 44.25 51.75 59.25 37.25 59.25 36.75 44.75 30.75 45.25 29.25 57.25 26.75 57.25 27.25 31.25 37.75 23.25 33.75 10.75 44.75 10.75 50.75 25.25 57.25 32.25 60.25 60.25 11.75 61.25 31.25 51.25 35.75 62.25 34.25 44.75 26.75 46.25 27.25 61.75 14.75 62.25 13.25 47.75 10.75 47.75 8.75 61.75 9.25 61.25 13.75 29.25 14.25 27.75 16.75 11.25 20.25 10.25 27.25 25.75 42.25 35.25 39.75 62.25
/home/sarthaksharma/anshuman/bboxes/0000_000113_5.png 4.25 46.75 21.75 43.25 24.25 44.25 23.75 33.75 19.25 35.25 18.75 45.75 6.75 47.25 5.25 36.25 3.75 35.75 3.75 47.25 3.75 45.25 4.25 27.75 4.75 17.75 9.25 5.25 21.75 8.25 22.75 20.75 29.25 28.75 27.25 42.75 40.25 45.75 55.25 44.25 56.25 46.25 57.25 34.75 54.25 35.75 51.75 47.25 42.25 47.75 42.75 36.25 39.25 34.75 38.25 42.75 32.75 40.25 32.75 29.25 32.75 19.25 31.75 6.75 44.25 7.75 51.25 21.75 54.25 29.75 55.25 44.75
/home/sarthaksharma/anshuman/bboxes/0000_000114_4.png 4.25 42.25 47.75 48.25 54.25 57.25 53.25 39.25 42.75 39.25 41.75 55.25 8.75 53.25 4.75 33.75 4.25 31.75 4.75 46.75 24.25 63.75 5.75 17.75 5.25 18.25 4.25 5.25 23.25 6.75 39.75 22.25 55.75 31.75 56.75 58.25 56.25 34.25 26.25 51.75 32.25 60.75 30.25 42.75 20.75 42.75 19.25 61.75 31.75 51.75 38.25 9.75 55.25 28.75 46.25 40.75 7.25 50.25 37.75 4.25 40.25 17.75 13.25 7.75 10.25 9.25 18.75 25.75 39.25 35.25 39.25 61.25
/home/sarthaksharma/anshuman/bboxes/0000_000114_5.png 4.75 46.75 21.75 43.75 23.75 45.25 23.75 34.25 19.25 35.25 18.75 46.75 7.25 48.25 5.75 36.25 4.25 36.25 3.75 47.75 3.75 45.25 4.25 28.25 5.25 18.75 9.75 5.75 21.25 8.25 21.75 21.75 29.25 29.25 26.75 44.25 41.25 47.75 55.75 44.75 56.75 47.25 57.75 35.25 55.25 35.75 52.75 48.25 43.75 49.75 43.75 37.25 40.25 35.75 38.75 47.75 34.25 42.25 33.75 30.25 33.75 19.75 32.75 7.25 45.25 7.75 52.75 21.75 55.25 30.25 55.75 46.25
/home/sarthaksharma/anshuman/bboxes/0000_000115_4.png 4.75 39.25 47.25 47.25 57.25 58.25 54.25 36.75 42.25 37.75 39.25 51.75 5.75 40.75 4.75 33.75 5.25 30.25 10.25 24.25 33.75 9.75 25.75 10.25 5.25 24.25 4.75 5.75 13.25 7.25 36.75 22.75 54.75 32.25 61.75 57.75 60.25 59.75 20.25 52.25 25.75 62.25 26.25 43.75 13.25 44.75 12.75 53.75 36.25 49.75 57.25 29.75 47.75 33.75 21.25 43.75 62.25 60.25 28.25 12.25 48.25 19.25 7.75 5.25 4.25 10.75 10.25 25.75 34.75 37.25 36.75 62.75
/home/sarthaksharma/anshuman/bboxes/0000_000115_5.png 4.75 46.75 20.75 43.25 23.25 44.75 23.25 33.75 18.75 34.75 18.25 46.25 7.25 48.25 5.25 36.25 3.75 36.25 3.75 47.25 3.75 45.75 4.25 28.25 5.25 18.75 9.75 6.25 21.25 8.25 22.25 20.75 28.75 29.25 26.25 43.25 41.75 47.75 55.75 44.75 57.25 46.75 57.75 35.25 55.25 35.75 53.25 47.75 44.25 49.25 44.25 37.25 40.75 36.25 39.25 47.25 34.75 42.25 34.25 30.25 34.25 19.75 32.75 7.75 45.25 8.25 52.75 21.75 54.75 29.25 56.25 45.75
/home/sarthaksharma/anshuman/bboxes/0000_000116_4.png 7.25 51.75 46.25 47.25 53.25 46.75 50.75 37.25 41.75 33.75 38.25 47.25 25.75 48.25 10.25 38.75 4.25 21.25 32.25 55.25 59.75 25.75 4.25 23.75 4.25 23.75 59.75 22.25 34.25 51.25 27.25 21.25 52.75 33.25 54.25 47.75 25.75 53.75 10.25 53.75 31.75 56.75 16.75 45.25 5.25 43.25 5.75 51.25 55.25 60.25 17.75 45.75 49.25 32.25 4.25 34.25 9.75 36.25 23.25 11.25 22.25 10.25 4.25 8.25 4.25 7.25 5.25 22.75 31.25 36.75 34.75 55.25
/home/sarthaksharma/anshuman/bboxes/0000_000116_5.png 4.25 46.25 20.75 42.75 23.25 43.75 23.25 32.75 18.75 33.75 17.75 45.75 6.75 47.25 5.25 35.25 3.75 35.25 3.75 47.25 3.75 45.75 4.25 28.25 5.25 18.75 9.25 6.25 21.25 8.75 22.25 20.25 28.75 28.25 26.25 42.25 42.25 47.75 56.25 45.25 57.25 46.75 58.25 34.75 55.25 35.25 53.25 47.75 44.25 48.75 44.75 36.75 41.25 35.75 39.75 46.75 34.75 41.75 34.75 30.25 34.75 20.25 33.25 7.75 45.25 8.25 52.75 21.25 55.25 28.75 56.25 45.25
/home/sarthaksharma/anshuman/bboxes/0000_000117_4.png 42.75 35.25 30.75 53.25 53.25 46.25 50.75 36.25 50.25 31.75 56.25 39.25 63.75 25.75 30.75 30.25 16.25 43.25 5.25 56.25 47.25 57.25 54.75 5.75 60.25 11.75 55.25 56.25 28.25 11.25 53.25 9.75 24.25 37.75 52.75 46.75 35.25 48.25 5.25 56.75 25.25 56.75 4.25 48.75 17.75 44.25 35.25 61.75 57.75 39.75 40.25 32.25 48.25 36.25 47.75 55.75 51.75 45.75 55.75 9.75 53.75 5.25 2.25 58.25 24.25 35.75 39.25 11.75 18.75 38.25 26.25 55.75
/home/sarthaksharma/anshuman/bboxes/0000_000117_5.png 4.75 46.25 20.75 43.25 23.25 44.25 23.25 33.25 18.75 33.75 17.75 46.25 6.75 47.25 5.75 35.25 4.25 35.25 3.75 46.75 3.75 44.75 4.25 28.25 5.25 18.75 9.75 5.75 21.25 8.25 22.25 20.75 28.75 28.75 25.75 42.75 42.75 48.25 56.25 46.25 57.25 48.75 58.25 35.75 55.75 36.25 53.75 49.25 44.75 49.25 45.25 37.25 41.75 36.25 40.25 47.25 35.25 41.75 35.25 30.25 35.25 19.75 33.75 7.75 45.75 8.25 52.75 21.75 54.75 29.75 56.25 46.25
/home/sarthaksharma/anshuman/bboxes/0000_000117_6.png 30.75 53.25 6.25 43.25 4.75 37.75 4.75 31.25 7.75 32.75 9.25 44.25 24.25 50.75 18.25 36.25 38.75 42.25 40.25 49.75 39.75 39.25 22.25 28.75 22.25 28.25 39.75 13.75 14.75 7.25 10.75 23.75 5.25 26.25 4.25 36.75 49.25 49.75 26.75 37.75 20.25 34.75 27.25 29.25 29.75 30.25 37.25 44.25 45.75 48.25 46.25 36.25 49.25 39.25 50.75 45.25 49.75 45.25 57.25 28.75 55.75 24.25 50.25 7.25 37.25 5.75 31.75 22.25 23.75 26.25 21.75 34.25
/home/sarthaksharma/anshuman/bboxes/0000_000118_4.png 45.75 3.75 32.25 46.75 41.25 52.25 44.25 37.75 37.75 33.75 56.25 39.75 21.75 34.75 61.75 16.25 5.75 41.75 4.25 42.75 4.25 42.25 4.25 36.25 23.25 8.25 26.25 13.75 13.75 37.25 38.25 16.25 46.75 33.25 50.75 49.75 30.25 47.25 45.75 2.75 40.25 52.75 5.75 41.75 5.25 42.25 41.75 54.75 57.75 39.25 26.25 32.25 58.75 17.75 40.75 51.75 4.25 42.25 55.75 4.75 55.25 5.25 57.25 5.25 56.75 4.75 21.75 61.75 4.75 37.75 4.25 42.25
/home/sarthaksharma/anshuman/bboxes/0000_000118_5.png 4.75 46.75 20.75 44.75 23.25 45.25 23.75 34.25 19.25 35.25 17.75 46.75 7.75 47.25 6.25 36.25 4.25 35.75 4.25 46.25 4.25 45.25 4.25 29.75 5.75 19.25 10.75 6.75 21.25 8.75 22.25 21.25 28.75 29.25 25.75 43.25 43.25 47.75 56.25 47.75 57.25 49.25 58.25 35.25 55.75 36.25 53.75 49.25 45.25 48.25 45.75 37.25 42.75 35.75 41.25 46.25 36.25 41.75 36.25 30.75 36.75 20.25 34.75 7.75 45.75 8.75 53.25 21.75 55.25 29.75 56.25 45.75
/home/sarthaksharma/anshuman/bboxes/0000_000118_6.png 19.25 48.75 5.75 44.25 4.25 43.25 4.25 33.25 7.25 34.75 9.25 45.75 17.25 49.25 16.75 37.75 21.25 39.25 21.25 46.25 24.25 42.75 38.25 44.75 43.25 33.75 26.25 8.25 14.25 7.75 9.75 23.75 4.75 27.75 4.25 38.25 52.25 60.25 29.75 40.25 21.75 40.25 26.75 31.25 33.75 33.25 28.75 63.75 49.75 60.25 54.25 41.25 59.75 40.75 61.75 52.75 62.25 49.25 57.75 30.25 55.25 24.75 48.25 7.75 36.75 7.25 33.25 21.75 23.75 25.75 22.25 39.25
/home/sarthaksharma/anshuman/bboxes/0000_000119_4.png 18.75 52.75 53.75 41.75 46.75 48.25 48.25 38.25 48.25 36.75 52.25 39.25 47.75 50.25 42.75 28.75 45.75 33.75 24.25 54.75 4.25 24.25 40.75 30.75 63.25 6.25 16.25 16.25 22.25 14.25 61.75 7.75 41.75 34.75 46.75 48.75 58.75 29.75 31.25 40.25 20.25 63.25 49.75 35.25 60.25 10.25 39.25 52.25 21.75 58.25 53.75 29.25 51.25 24.25 33.25 51.25 51.75 40.75 41.75 32.25 52.25 5.25 33.75 12.75 37.25 36.75 50.25 8.75 13.5 64.5 24.25 62.25
/home/sarthaksharma/anshuman/bboxes/0000_000119_5.png 5.25 46.25 20.25 42.75 22.25 42.75 22.25 32.75 18.25 33.75 17.25 44.75 7.75 46.25 6.25 35.25 4.25 35.25 4.25 45.75 4.25 44.25 4.75 29.25 6.25 18.75 10.75 6.25 21.25 8.75 21.75 20.25 26.75 27.75 24.75 41.75 45.25 45.25 56.75 43.75 57.75 43.75 59.25 34.25 56.75 34.75 54.25 45.75 46.75 45.75 47.25 35.75 43.75 35.25 43.25 42.25 37.25 40.75 37.25 29.75 37.25 19.75 35.25 7.25 45.75 7.25 53.75 21.25 55.75 28.25 56.75 42.25
